45
4
3
110	95	140	170	85	-15	120	105	160	100	120	115	105	140	90	100	130	115	700	125	135	150	110	100	90	105	110	95	140	85	85	95	110	100	120	130	160	105	98	140	-90	100	110	130	100
8	6	5	9	6	7	12	8	8	7	9	7	9	8	4	3	6	8	6	9	9	10	8	7	6	7	4	3	6	3	7	8	12	7	2	5	9	4	6	4	4	8	-2	9	2
150	50	30	200	70	60	80	-20	90	40	150	100	110	180	50	70	120	120	80	130	140	160	100	80	60	90	60	40	110	45	50	75	60	-40	80	90	200	55	70	100	60	95	70	170	0
3	1	0	5	2	1	0	2 	-1	1	3	1	5	4	0	1	3	0	1	4	2	5	3	1	0	2	0	2	0	0	1	2	1	1	0	3	6	1	2	2	1	1	0	3	-1
1	0	0	1	0	0	0	1	0	0	1	0	1	1	0	0	0	1	0	1	1	1	1	0	0	0	0	0	0	0	0	1	0	0	0	0	1	0	0	0	0	1	0	1	0
0	1	0	0	1	0	1	0	0	1	0	1	0	0	0	0	1	0	1	0	0	0	0	1	1	1	0	0	1	0	1	0	1	1	0	0	0	0	1	0	0	0	0	0	0
0	0	1	0	0	1	0	0	1	0	0	0	0	0	1	1	0	0	0	0	0	0	0	0	0	0	1	1	0	1	0	0	0	0	1	1	0	1	0	1	1	0	1	0	1

